122 128 129 149 181 220 227 257 263 290 300 344 370 385 419 483 484 485 525 553 614 630 635 649 677 685 694 702 765 775 780 798 816 842 853 859 898 904 910 922 931 962 1024 1062 1064 1086 1090 1151 1193 1225 1247 1269 1299 1334 1347 1352 1373 1379 1416 1416 1449 1469 1477 1499 1500 1522 1564 1572 1576 1593 1598 1630 1675 1703 1705 1714 1720 1750 1760 1769 1796 1860 1934 1947 1958 1980 2070 2079 2080 2117 2168 2214 2220 2300 2300 2341 2374 2408 2421 2452 2454 2477 2515 2515 2540 2594 2663 2680 2695 2705 2720 2761 2784 2786 2843 2883 2889 2890 2898 2908 2934 2974 2985 3040 3047 3080 3104 3158 3166 3188 3204 3223 3225 3242 3305 3340 3341 3351 3356 3397 3454 3488 3498 3515 3517 3520 3542 3574 3595 3610 3708 3747 3794 3800 3811 3837 3857 3872 3898 3915 3920 3945 3972 4012 4012 4045 4074 4082 4171 4191 4261 4283 4291 4295 4310 4336 4353 4358 4383 4388 4429 4459 
17 356 485 539 650 664 748 855 919 1142 1260 1859 1872 1994 2178 2367 2418 2593 2611 2649 2772 2806 2911 2966 3199 3248 3334 3366 3377 3895 3920 4373 4401 4415 
89 314 2411 
20 29 56 74 176 194 212 257 358 385 427 462 517 579 584 683 684 707 799 810 857 857 907 1029 1043 1077 1334 1385 1393 1446 1566 1569 1591 1756 1831 1846 1873 1875 1877 1891 1923 1947 2009 2019 2095 2104 2106 2126 2151 2190 2210 2236 2311 2434 2437 2485 2495 2516 2530 2545 2546 2565 2566 2655 2671 2730 2736 2951 2951 2955 3081 3110 3134 3233 3241 3261 3367 3415 3432 3499 3530 3615 3656 3677 3684 3814 3819 3873 3875 3908 4047 4048 4158 4233 4256 4302 4330 4354 4381 4399 4417 4453 
17 382 442 486 594 603 674 694 900 1002 1023 1029 1225 1240 1358 1414 1692 1730 2012 2274 2281 2685 2746 2954 2969 3127 3154 3177 3387 3418 3666 3769 3871 4170 4313 4396 4457 4466 
34 150 189 212 222 239 246 255 258 292 292 357 363 370 386 442 454 463 485 488 533 571 606 631 644 678 682 705 726 731 762 799 802 871 887 894 911 932 940 942 951 972 990 1040 1043 1046 1090 1116 1120 1123 1140 1147 1184 1189 1216 1226 1297 1321 1325 1352 1383 1532 1568 1638 1651 1653 1659 1680 1692 1696 1703 1735 1738 1741 1801 1814 1818 1861 1873 1898 1950 1967 1999 2025 2046 2090 2100 2100 2142 2298 2313 2320 2337 2339 2378 2393 2435 2441 2460 2477 2487 2500 2509 2548 2565 2570 2577 2578 2637 2673 2791 2824 2825 2842 2913 2948 2995 3048 3050 3076 3116 3123 3146 3157 3205 3206 3278 3291 3395 3402 3453 3493 3540 3547 3601 3675 3724 3728 3883 3908 3922 4006 4031 4061 4063 4119 4127 4194 4225 4234 4255 4378 4399 4405 
31 90 224 265 270 270 318 332 360 391 431 575 626 633 824 1043 1156 1175 1244 1362 1380 1512 1751 1999 2018 2144 2160 2166 2167 2226 2250 2265 2401 2420 2580 2611 2671 2835 2893 2910 3031 3132 3158 3267 3396 3415 3455 3480 3862 3896 4049 4100 4356 4481 
76 89 118 120 131 244 248 270 280 365 369 380 419 426 658 733 784 813 832 926 959 966 968 971 991 1047 1097 1097 1120 1182 1238 1310 1352 1407 1442 1482 1564 1564 1631 1672 1737 1898 1924 1979 2044 2045 2126 2208 2318 2391 2535 2540 2648 2699 2705 2776 2802 2804 2825 2828 2843 2909 2967 2991 2998 3077 3122 3174 3240 3285 3286 3298 3439 3445 3476 3488 3543 3651 3674 3760 3844 3868 4000 4054 4132 4147 4156 4243 4369 4378 4499 
33 97 189 195 244 252 340 424 437 539 584 659 666 743 822 832 866 1097 1108 1110 1210 1233 1341 1370 1440 1496 1513 1561 1569 1571 1584 1605 1696 1781 1865 1924 1924 2024 2024 2251 2389 2393 2447 2453 2492 2593 2631 2698 2705 2743 2765 2770 2847 2868 2882 3062 3105 3213 3334 3353 3361 3506 3647 3651 3722 3744 3783 3786 3825 3908 4221 4229 4278 4395 4466 4493 
4 53 56 64 113 123 140 172 185 208 213 228 278 285 291 308 353 366 393 413 464 476 476 481 486 494 499 508 518 549 555 619 632 676 704 722 786 789 812 832 849 867 924 972 1005 1017 1041 1047 1096 1135 1149 1161 1164 1167 1171 1185 1211 1223 1247 1258 1316 1330 1399 1454 1576 1578 1622 1638 1690 1699 1701 1711 1748 1752 1786 1790 1815 1826 1880 1911 1914 1918 1919 1935 1959 1980 1994 2030 2040 2055 2121 2150 2195 2204 2208 2218 2221 2226 2287 2328 2352 2414 2468 2470 2519 2560 2574 2683 2699 2714 2717 2763 2798 2810 2811 2941 2993 2999 3032 3101 3146 3164 3192 3225 3243 3282 3322 3355 3508 3569 3690 3695 3718 3791 3806 3817 3831 3832 3861 3877 3909 3944 4005 4012 4032 4107 4116 4145 4184 4218 4223 4234 4267 4322 4331 4347 4406 4415 4417 4463 4486 4488 
28 40 43 67 72 88 127 146 159 174 179 249 273 282 312 319 325 328 332 379 388 398 412 414 435 467 539 554 565 566 684 685 685 698 710 726 746 754 785 789 793 869 904 952 961 999 1025 1042 1045 1155 1185 1261 1279 1298 1310 1326 1366 1368 1451 1480 1483 1554 1575 1623 1633 1651 1657 1660 1665 1671 1707 1715 1729 1729 1820 1887 1916 1960 1971 2013 2117 2149 2156 2174 2186 2235 2236 2267 2277 2285 2305 2323 2333 2386 2442 2474 2486 2500 2507 2545 2608 2615 2624 2626 2648 2652 2691 2694 2767 2802 2899 2906 2927 2970 2981 2995 3006 3007 3030 3045 3124 3129 3143 3147 3197 3216 3217 3238 3268 3297 3326 3339 3369 3409 3436 3476 3487 3528 3537 3551 3583 3591 3598 3632 3639 3651 3683 3754 3832 3893 3895 3898 3908 3920 3977 4025 4044 4071 4072 4080 4095 4103 4117 4125 4127 4169 4176 4236 4250 4269 4289 4355 4357 4369 4374 4385 4447 4450 4460 4480 4486 4496 4496 
11 13 33 40 54 59 78 190 202 248 249 252 255 300 309 403 415 442 445 465 539 556 588 603 612 627 645 659 662 690 695 716 724 741 769 788 841 928 957 977 987 1136 1232 1265 1265 1269 1307 1311 1462 1495 1504 1565 1590 1598 1634 1683 1692 1724 1769 1829 1879 1879 1918 1975 2005 2077 2091 2098 2100 2171 2216 2320 2327 2328 2365 2413 2437 2479 2590 2609 2654 2680 2690 2693 2771 2772 2823 2837 2863 2869 2957 2977 2982 2992 2997 3031 3054 3091 3144 3164 3175 3186 3202 3282 3367 3385 3427 3429 3437 3506 3518 3536 3548 3564 3593 3616 3617 3623 3668 3672 3673 3678 3725 3787 3790 3798 3889 3909 3910 3965 3982 4026 4040 4053 4107 4110 4184 4191 4205 4223 4333 4367 4369 4393 4399 4479 4495 
11 85 136 244 259 367 478 496 518 570 611 620 664 667 698 701 746 848 1071 1132 1204 1206 1252 1281 1353 1411 1420 1482 1576 1681 1708 1811 1839 1886 1939 1995 2002 2020 2187 2216 2264 2272 2326 2388 2470 2562 2595 2709 2717 2825 2919 2979 3042 3070 3098 3186 3277 3304 3334 3379 3453 3513 3704 3717 3836 3852 3951 4077 4215 4242 4256 4380 
3 28 105 168 311 357 363 372 392 539 562 709 719 744 767 801 824 829 868 1007 1018 1090 1094 1122 1170 1295 1299 1393 1461 1476 1512 1529 1540 1567 1642 1673 1776 1924 1957 2075 2080 2083 2148 2154 2182 2193 2351 2351 2510 2512 2555 2601 2622 2640 2670 2737 2797 2813 2959 2971 3044 3077 3159 3224 3287 3289 3326 3329 3346 3351 3371 3422 3433 3466 3511 3545 3750 3817 3850 3859 3971 4008 4063 4233 4375 4454 4466 
51 68 253 334 336 338 515 586 591 658 754 762 771 1045 1107 1216 1236 1291 1304 1304 1326 1396 1439 1566 1596 1644 1734 1915 1932 2122 2140 2176 2233 2310 2562 2582 2589 2639 2690 2698 2730 2757 2858 2921 3007 3090 3111 3187 3383 3449 3450 3454 3467 3474 3663 3736 3806 3859 3864 3891 3902 3964 4045 4067 4120 4149 4155 4227 4279 4412 4433 4445 4451 
248 256 301 471 681 796 1305 1406 1440 1588 1630 1913 1981 2290 2555 2917 3026 3049 3316 3322 3335 3366 3400 3439 3466 3470 3542 3576 3714 3830 4220 
80 171 346 417 440 443 618 697 785 900 954 979 1051 1109 1235 1506 1526 1585 1667 1742 2205 2307 2591 2920 2964 3116 3223 3247 3537 3745 4078 4306 
33 36 38 57 65 92 177 198 201 233 236 247 300 320 344 406 436 524 537 545 555 597 659 687 709 743 744 751 795 818 920 1022 1075 1101 1108 1113 1141 1155 1163 1207 1243 1280 1327 1337 1347 1351 1359 1384 1418 1420 1466 1488 1490 1516 1525 1538 1616 1667 1668 1679 1712 1765 1767 1778 1816 1827 1830 1853 1860 1925 1926 1927 1931 1951 1978 1990 2045 2089 2094 2113 2119 2124 2201 2212 2255 2300 2312 2360 2383 2405 2469 2470 2499 2526 2575 2604 2606 2612 2633 2634 2662 2686 2696 2734 2759 2782 2820 2837 2840 2842 2917 2917 2945 2974 3025 3040 3131 3183 3233 3236 3245 3245 3307 3324 3337 3348 3397 3421 3437 3504 3668 3697 3704 3735 3771 3772 3781 3807 3807 3836 3878 3938 3963 3988 3997 4005 4133 4153 4165 4254 4300 4352 4386 4415 4437 4444 4461 
111 153 156 387 394 869 895 973 1057 1105 1210 1393 1420 1546 1807 1903 1961 2139 2157 2172 2196 2270 2458 2576 2643 3158 3415 3458 3469 3784 3788 3861 3947 3951 4027 4039 4150 4248 4341 4345 4453 
120 129 210 213 373 454 681 681 730 743 778 787 890 986 1097 1226 1250 1351 1696 1863 1887 2076 2091 2328 2415 2800 2813 2918 2974 3028 3128 3211 3258 3352 3378 3399 3414 3462 3775 3813 3817 3938 4363 4483 
32 33 300 675 920 1080 1244 1419 1507 1603 1901 2186 2271 2298 2398 2658 2694 2782 2835 2859 2899 2916 2953 2968 2984 2997 3010 3228 3300 3348 3444 3477 3662 3838 3867 3899 4119 4247 4330 4346 4375 
1445 1600 3111 3301 4254 
23 38 40 58 130 153 159 197 218 224 299 311 315 334 349 402 420 442 469 485 525 549 570 575 610 634 641 657 789 791 819 824 840 864 895 913 939 944 973 982 1052 1082 1088 1090 1103 1120 1153 1204 1236 1251 1260 1281 1304 1317 1334 1397 1414 1464 1515 1526 1535 1572 1597 1633 1657 1669 1671 1674 1678 1682 1752 1791 1829 1877 1896 1932 1932 2016 2032 2062 2098 2106 2107 2129 2151 2160 2192 2217 2228 2233 2246 2250 2252 2256 2301 2303 2316 2327 2355 2429 2432 2558 2591 2642 2671 2691 2728 2742 2762 2768 2778 2804 2814 2856 2902 2920 2931 2972 3021 3036 3045 3053 3137 3155 3174 3178 3225 3229 3243 3262 3275 3297 3329 3336 3345 3390 3420 3436 3462 3464 3513 3519 3524 3534 3564 3596 3603 3674 3694 3696 3696 3709 3713 3750 3801 3818 3871 3946 3947 3953 3964 3975 4007 4010 4022 4058 4165 4203 4273 4309 4313 4346 4352 4366 4374 4434 4442 4461 
35 37 84 133 138 157 163 169 180 185 193 207 209 216 233 269 275 276 297 301 307 313 334 361 394 484 509 514 640 641 707 710 739 749 751 811 951 960 963 982 983 984 1028 1029 1090 1105 1108 1120 1130 1145 1152 1160 1164 1191 1194 1210 1218 1233 1288 1294 1306 1311 1329 1344 1403 1404 1415 1440 1456 1484 1486 1612 1634 1656 1724 1747 1773 1775 1778 1792 1825 1890 2002 2005 2009 2018 2030 2044 2049 2051 2072 2118 2132 2165 2185 2189 2202 2203 2227 2228 2229 2248 2255 2266 2268 2284 2295 2312 2331 2378 2395 2415 2469 2481 2483 2511 2524 2534 2559 2601 2605 2611 2665 2666 2674 2693 2695 2757 2774 2788 2812 2842 2865 2897 2902 2955 3052 3076 3132 3137 3170 3218 3229 3271 3289 3316 3343 3348 3415 3424 3476 3570 3582 3599 3633 3636 3648 3650 3659 3660 3836 3839 3852 3853 3853 3966 3979 4011 4025 4034 4047 4052 4063 4072 4088 4103 4180 4212 4213 4233 4256 4270 4294 4296 4306 4363 4400 4406 4429 
434 441 636 810 865 1009 1195 1360 1381 1892 1915 1933 2062 2081 2445 2809 2895 3182 3202 3227 3231 3269 3399 3505 3625 3833 3882 4173 4399 4408 
446 948 1891 2289 3138 3250 3576 
134 201 243 483 602 603 704 824 876 1053 1056 1062 1212 1256 1325 1442 1613 1840 2149 2191 2265 2451 2539 2572 2604 2671 2694 2703 2799 2855 2969 3419 3420 3618 3638 3711 3854 3875 4009 4013 4075 4447 
29 37 46 81 82 84 105 164 185 239 241 257 279 352 441 553 569 579 579 693 732 820 824 825 833 845 873 975 980 1037 1041 1110 1121 1132 1200 1326 1346 1366 1376 1392 1407 1447 1493 1557 1577 1615 1679 1734 1760 1779 1888 1904 1950 2032 2036 2190 2252 2256 2347 2361 2396 2404 2423 2495 2499 2598 2613 2618 2620 2654 2664 2675 2690 2735 2811 2856 2940 2972 2995 2997 3074 3105 3245 3261 3262 3355 3358 3419 3432 3514 3590 3674 3701 3801 3805 3821 4054 4176 4178 4255 4289 4341 4368 4428 4475 4496 
24 566 684 722 775 2307 2524 2571 3264 3323 3957 3963 
40 71 73 96 103 108 146 184 237 242 247 263 271 289 394 395 441 515 637 653 679 688 689 697 722 778 826 829 860 881 899 944 950 957 1072 1206 1212 1239 1271 1350 1368 1401 1418 1433 1486 1510 1570 1596 1599 1653 1724 1753 1760 1805 1812 1827 1838 1857 1867 1935 1944 1957 1970 2060 2104 2160 2211 2228 2231 2243 2265 2274 2277 2284 2290 2399 2410 2552 2561 2568 2614 2621 2624 2667 2692 2803 2867 2898 2969 2986 3047 3048 3080 3091 3110 3112 3115 3148 3184 3240 3242 3244 3276 3373 3373 3392 3513 3517 3551 3615 3621 3627 3695 3704 3741 3758 3777 3807 3877 3898 3909 3948 4011 4023 4029 4045 4055 4084 4084 4093 4099 4137 4138 4205 4219 4326 4347 4378 4382 4389 4404 4410 4452 4454 4465 4468 4475 4487 
53 68 79 97 190 337 366 453 553 558 629 650 662 740 961 968 1076 1231 1242 1279 1365 1486 1528 1764 1767 1820 1845 1858 1947 1955 2121 2151 2196 2242 2280 2314 2375 2562 2673 2682 2997 3021 3134 3231 3269 3306 3333 3358 3359 3426 3457 3465 3550 3581 3757 3798 3820 3823 3929 4075 4128 4153 4201 4283 4368 4388 
35 392 392 417 462 559 590 691 712 796 812 867 983 993 1132 1139 1197 1287 1297 1391 1526 1760 1919 2078 2419 2420 2596 2601 2713 2844 2856 3095 3666 3702 3793 4035 4114 4154 4157 4190 4198 4366 4447 4482 
55 64 65 115 122 126 143 143 160 161 173 182 212 212 244 260 303 304 320 381 407 429 430 442 444 446 474 483 550 588 589 600 614 626 636 647 667 719 726 749 792 793 793 794 852 852 932 940 961 972 986 988 995 1013 1014 1014 1017 1087 1126 1127 1143 1153 1164 1211 1218 1226 1227 1240 1249 1297 1321 1361 1380 1398 1427 1476 1487 1498 1556 1556 1598 1607 1649 1668 1697 1717 1724 1728 1811 1852 1879 1889 1910 1915 1946 1953 1973 1977 1995 2012 2026 2071 2078 2159 2194 2217 2230 2247 2248 2293 2308 2360 2377 2385 2482 2501 2507 2508 2510 2525 2536 2547 2567 2610 2647 2652 2655 2759 2801 2823 2965 2989 3011 3082 3098 3104 3124 3135 3197 3218 3226 3236 3370 3383 3412 3446 3483 3491 3597 3609 3616 3622 3650 3658 3668 3686 3695 3750 3776 3785 3787 3793 3798 3808 3842 3852 3856 3872 3894 3978 4007 4010 4021 4041 4046 4049 4050 4059 4078 4086 4089 4092 4161 4184 4195 4197 4218 4251 4268 4292 4345 4359 4382 4383 4384 4406 4413 4458 4471 
1 8 30 41 77 82 105 106 116 117 132 141 181 209 236 293 317 365 378 435 629 638 663 714 745 748 843 854 946 957 991 1044 1137 1141 1144 1177 1179 1254 1356 1375 1385 1393 1397 1424 1430 1439 1453 1501 1523 1531 1577 1617 1643 1797 1841 1854 1863 1974 2015 2019 2029 2060 2090 2091 2176 2282 2291 2309 2329 2335 2348 2379 2548 2557 2582 2584 2601 2644 2652 2694 2697 2733 2786 2819 2899 3005 3048 3088 3136 3142 3148 3177 3184 3360 3376 3420 3568 3580 3630 3646 3683 3708 3709 3835 3850 3866 3889 3893 3913 3930 3948 4061 4096 4164 4176 4201 4210 4286 4292 4331 4364 4396 4401 4483 4492 
28 201 758 916 1120 1182 1367 1497 1619 1724 1800 2026 2100 2570 2879 3504 3508 4017 4162 4224 4249 
200 324 334 399 430 436 797 855 912 1042 1145 1279 1286 1356 1626 1630 1793 1892 2054 2076 2149 2169 2254 2293 2467 2497 2739 2782 2979 3111 3210 3363 3376 3446 3824 3836 3839 3955 3962 4098 
3 22 39 98 111 123 141 161 217 227 239 248 260 275 290 295 328 340 352 364 372 375 424 425 457 463 487 516 550 581 648 683 694 738 743 752 893 894 909 971 973 994 1039 1049 1108 1113 1135 1246 1270 1274 1365 1447 1513 1588 1607 1613 1652 1684 1721 1774 1852 1862 1916 2071 2077 2092 2153 2227 2269 2300 2352 2410 2428 2442 2461 2496 2571 2708 2764 2807 2844 2880 2882 2918 2990 3055 3066 3225 3303 3354 3509 3511 3534 3642 3903 3979 4010 4077 4079 4115 4125 4152 4152 4179 4217 4220 4220 4233 4246 4308 4322 4336 4384 4398 4402 4432 4458 4485 
146 371 388 436 467 494 516 550 578 709 795 836 921 955 982 998 1217 1274 1288 1406 1443 1459 1562 1582 1594 1603 1742 1889 1966 2117 2125 2136 2171 2265 2296 2339 2469 2493 2509 2510 2522 2628 2676 2746 2892 2917 2964 2982 3034 3085 3147 3263 3297 3339 3377 3421 3534 3621 3626 3627 3765 3836 4027 4149 4197 4221 4223 4227 4232 4355 4363 4375 
1 52 68 132 136 145 255 256 282 291 312 333 340 363 365 371 418 422 442 467 494 497 506 506 515 559 578 598 616 617 635 669 689 720 747 749 759 821 832 837 860 903 979 1013 1026 1057 1078 1096 1161 1183 1198 1220 1237 1239 1260 1278 1312 1344 1399 1450 1483 1560 1575 1616 1654 1668 1731 1752 1802 1859 1890 1893 1966 1988 1999 2044 2065 2114 2124 2180 2219 2223 2224 2279 2295 2303 2306 2336 2361 2381 2386 2422 2447 2447 2494 2502 2599 2600 2628 2641 2715 2730 2746 2768 2779 2784 2798 2815 2816 2854 2889 2905 2927 3045 3048 3118 3121 3197 3220 3234 3239 3262 3308 3337 3362 3434 3442 3456 3471 3486 3494 3513 3636 3693 3715 3723 3735 3793 3810 3896 3916 3968 3973 3979 4029 4105 4167 4217 4222 4228 4248 4258 4262 4266 4340 4342 4343 4346 4387 4450 
25 208 278 344 498 503 586 612 614 652 935 982 1025 1079 1367 1389 1703 1776 1855 2008 2024 2106 2338 2353 2369 2399 2555 2803 2938 3109 3129 3346 3376 3426 3432 3523 3597 3749 3805 3810 3848 3885 3911 4060 4067 4129 4152 4171 4190 4330 4477 
2 42 47 91 139 177 181 281 321 350 360 371 470 504 518 585 637 669 722 745 777 821 857 863 863 916 963 980 1011 1016 1030 1062 1065 1078 1079 1102 1136 1145 1153 1272 1280 1320 1330 1358 1399 1689 1725 1751 1760 1809 1939 1985 2042 2079 2095 2130 2147 2199 2249 2287 2296 2302 2385 2405 2436 2445 2447 2491 2532 2541 2642 2649 2662 2699 2761 2845 2937 2949 2979 2981 3088 3155 3184 3199 3200 3209 3214 3239 3255 3267 3275 3281 3315 3345 3400 3426 3438 3442 3445 3499 3506 3567 3568 3600 3682 3751 3799 3821 3834 3873 3894 3919 3930 3963 3967 3985 4004 4086 4088 4092 4103 4128 4154 4210 4276 4290 4452 
222 431 533 644 1024 1066 1179 1435 1692 2020 2698 2809 2820 3037 3165 3446 3517 3700 3836 3897 3901 4216 4326 
31 140 313 315 377 384 449 613 785 911 1011 1039 1056 1097 1122 1289 1292 1312 1504 1574 1584 1709 1767 1882 1918 2030 2091 2091 2183 2201 2261 2317 2323 2365 2381 2678 2705 2876 2966 3107 3136 3176 3234 3334 3649 3677 3774 3820 3824 3920 4226 4306 4499 
37 66 88 101 109 168 169 203 234 302 334 376 377 456 513 575 604 661 749 872 878 923 998 1052 1151 1173 1184 1250 1276 1297 1302 1380 1448 1510 1556 1582 1604 1632 1729 1768 1857 1948 1958 2043 2047 2050 2130 2207 2289 2294 2337 2370 2383 2513 2618 2624 2727 2762 2804 2819 2942 2963 2971 2997 3000 3036 3037 3066 3080 3102 3163 3167 3226 3246 3318 3332 3369 3392 3404 3426 3440 3554 3565 3626 3671 3689 3720 3764 3959 4022 4162 4172 4204 4212 4310 4360 4361 4465 4498 
19 20 25 45 52 94 142 153 158 161 189 210 217 251 299 310 314 319 360 365 383 384 395 405 418 424 450 502 586 599 604 611 623 631 637 688 728 739 753 757 765 776 872 899 921 938 943 962 970 980 982 985 986 996 1012 1019 1053 1055 1142 1169 1203 1211 1259 1287 1324 1342 1417 1418 1422 1436 1451 1491 1511 1519 1562 1672 1681 1695 1697 1708 1749 1887 1891 1907 1965 2012 2053 2087 2099 2099 2130 2152 2156 2189 2201 2220 2248 2298 2301 2301 2353 2377 2410 2441 2450 2529 2537 2555 2562 2625 2677 2716 2766 2798 2803 2834 2938 2948 2957 2995 3085 3092 3110 3115 3116 3122 3154 3160 3163 3167 3192 3219 3239 3336 3361 3419 3518 3526 3549 3591 3633 3643 3680 3689 3738 3748 3769 3776 3811 3866 3872 3890 4010 4014 4021 4039 4039 4042 4062 4068 4175 4249 4292 4319 4330 4361 4440 4442 
12 16 32 172 188 231 260 282 360 461 471 536 637 646 678 740 756 841 875 913 915 977 1025 1093 1161 1168 1219 1297 1317 1338 1416 1496 1702 1806 1889 2073 2340 2493 2567 2714 2716 2726 2792 2801 2817 2889 2973 3091 3119 3190 3217 3269 3369 3370 3406 3541 3551 3695 3755 3764 3773 3809 3884 4059 4068 4126 4159 4165 4200 4299 4355 4406 4412 4427 
101 232 259 262 279 386 567 584 585 690 766 850 879 885 901 915 952 1013 1072 1122 1189 1261 1428 1468 1470 1587 1592 1673 1749 1803 1829 1941 2029 2230 2301 2362 2450 2463 2509 2567 2618 2658 2667 2725 2826 2858 2873 2968 2975 3069 3127 3218 3347 3363 3398 3403 3459 3491 3642 3709 3756 3762 3774 3881 3970 4073 4138 4164 4279 4300 4424 
46 46 63 83 169 173 176 193 199 232 292 349 405 434 436 492 494 693 832 883 919 941 951 959 1034 1036 1045 1047 1068 1078 1088 1095 1103 1138 1142 1147 1237 1390 1436 1479 1549 1648 1686 1753 1919 1930 1964 2060 2098 2144 2150 2172 2210 2234 2268 2323 2327 2382 2384 2458 2467 2500 2526 2533 2559 2638 2784 2810 2898 2946 3002 3161 3217 3219 3244 3361 3367 3452 3542 3558 3574 3654 3656 3905 4054 4056 4289 4386 4403 4417 4444 4479 4499 
20 25 48 51 52 76 86 125 150 162 166 241 245 325 343 352 368 444 456 472 534 597 626 668 691 696 713 715 755 773 824 848 861 885 950 1015 1018 1080 1154 1244 1284 1311 1368 1408 1460 1463 1514 1522 1568 1620 1660 1709 1771 1781 1782 1821 1830 1869 1905 1961 2078 2084 2223 2273 2273 2293 2319 2345 2368 2374 2479 2484 2506 2595 2618 2618 2654 2674 2711 2741 2811 2827 2843 2937 2981 2992 3040 3106 3107 3164 3181 3181 3221 3243 3270 3301 3302 3387 3430 3500 3510 3527 3579 3586 3599 3618 3626 3627 3652 3693 3748 3761 3765 3777 3811 3824 3829 3881 3893 3924 3943 3957 4004 4045 4063 4071 4096 4197 4230 4240 4286 4292 4294 4296 4364 4378 4460 4471 
15 47 193 315 347 371 406 476 489 507 736 816 830 913 915 924 983 1010 1086 1096 1108 1113 1130 1205 1246 1260 1314 1315 1366 1380 1499 1510 1514 1538 1763 1840 1853 1875 1885 1919 1924 1981 1989 2073 2097 2203 2234 2243 2410 2439 2516 2521 2606 2620 2665 2687 2762 2928 2983 3099 3107 3154 3204 3256 3257 3296 3387 3393 3435 3466 3604 3749 3805 3821 3893 3899 3915 3932 4062 4065 4133 4284 4287 4427 4466 
40 44 81 121 153 164 164 168 169 172 214 242 297 322 361 400 422 440 454 515 517 519 581 686 706 797 839 899 909 982 987 1001 1008 1038 1041 1054 1086 1102 1116 1170 1227 1236 1294 1317 1355 1373 1432 1434 1438 1476 1498 1506 1561 1579 1644 1697 1701 1726 1746 1881 1907 1969 2016 2095 2138 2152 2166 2172 2192 2217 2228 2269 2272 2340 2373 2386 2415 2430 2459 2492 2501 2532 2599 2599 2693 2707 2728 2761 2774 2834 2859 2874 2892 2893 2905 2916 2923 2926 2929 2967 2997 3007 3037 3041 3051 3055 3057 3124 3129 3132 3185 3194 3231 3261 3267 3271 3347 3381 3417 3438 3478 3498 3510 3553 3561 3583 3640 3678 3761 3793 3805 3815 3873 3897 3920 3946 4004 4009 4022 4112 4145 4156 4159 4186 4235 4250 4286 4286 4315 4373 4394 4419 4479 4487 
74 156 262 295 350 433 434 444 579 642 673 692 809 855 1198 1464 1664 1930 1966 2027 2089 2198 2723 2783 2858 2877 2889 2979 3098 3134 3171 3202 3298 3301 3346 3397 3486 3495 3569 3744 3861 3922 3988 4004 4051 4066 4177 4194 4238 4490 
13 89 159 198 209 216 234 309 334 358 392 394 420 473 475 490 528 562 585 590 601 711 747 766 794 796 829 851 1005 1035 1088 1089 1165 1356 1367 1412 1431 1470 1501 1571 1619 1628 1755 1827 1864 1938 1967 1995 2138 2217 2221 2335 2375 2513 2552 2570 2595 2601 2680 2729 2802 2804 2823 2838 2864 2903 2921 2921 2967 3013 3022 3082 3088 3116 3129 3135 3212 3297 3328 3473 3518 3532 3532 3610 3766 3785 3865 3906 3918 4124 4135 4141 4147 4156 4193 4195 4275 4312 4335 
320 462 544 682 881 1055 2061 2415 2457 3423 4232 4393 
0 29 48 62 65 133 136 138 199 209 227 241 252 278 310 313 319 321 332 376 409 419 420 433 507 516 532 539 543 558 674 685 721 744 790 793 841 856 860 860 892 926 927 939 977 995 1010 1021 1076 1091 1098 1167 1177 1263 1288 1307 1342 1449 1450 1469 1470 1499 1530 1531 1584 1600 1644 1654 1657 1663 1706 1706 1724 1756 1778 1815 1817 1882 1891 1934 1958 1977 2020 2045 2104 2159 2229 2231 2248 2300 2340 2364 2378 2387 2424 2432 2451 2465 2580 2588 2593 2666 2702 2771 2773 2774 2786 2810 2854 2886 2906 2952 2971 2982 3012 3020 3058 3071 3071 3104 3105 3108 3147 3152 3233 3353 3361 3397 3448 3491 3496 3509 3576 3583 3583 3599 3609 3624 3672 3738 3746 3767 3772 3799 3850 3851 3869 3872 3874 3936 3943 3981 3986 3995 4012 4101 4112 4117 4156 4157 4221 4229 4237 4268 4271 4278 4301 4336 4341 4359 4388 4414 4416 4417 4428 4431 4448 4464 4492 
15 17 143 209 216 221 322 507 560 668 672 832 895 909 918 967 985 1128 1175 1258 1351 1413 1628 1719 1779 1789 1916 2031 2140 2334 2397 2415 2417 2433 2502 2524 2548 2590 2611 2625 2710 2787 2841 2861 2917 2979 3068 3182 3223 3326 3378 3394 3444 3468 3482 3575 3784 3916 3920 4076 4144 4206 4292 4333 4359 4452 
12 67 107 286 402 480 486 510 569 573 784 798 800 872 873 875 968 977 1134 1235 1252 1290 1312 1339 1347 1354 1528 1535 1601 1668 1679 1736 1741 1755 1786 1856 1884 1915 1947 2041 2075 2117 2179 2189 2232 2235 2257 2258 2260 2314 2316 2397 2461 2469 2499 2576 2581 2606 2614 2682 2728 2768 2790 2879 2880 2906 2938 3019 3020 3074 3089 3135 3172 3196 3204 3286 3288 3329 3333 3409 3420 3457 3499 3617 3631 3667 3849 3850 3887 3998 4043 4048 4049 4085 4110 4154 4264 4299 4299 4300 4354 4373 4390 4466 4489 4497 
8 43 43 58 58 87 103 106 122 173 180 189 193 221 235 301 311 315 316 338 359 390 423 454 526 542 603 610 612 681 723 762 769 799 827 857 862 863 877 895 918 934 937 999 1009 1010 1103 1119 1127 1127 1132 1171 1173 1173 1177 1205 1214 1224 1232 1265 1287 1311 1318 1337 1343 1352 1413 1414 1434 1475 1516 1536 1564 1609 1625 1627 1655 1734 1754 1770 1770 1778 1783 1825 1831 1847 1898 1935 1946 1990 2001 2003 2022 2062 2077 2094 2111 2132 2135 2144 2150 2155 2157 2201 2217 2229 2246 2274 2284 2290 2292 2341 2354 2361 2378 2414 2422 2423 2434 2468 2483 2488 2493 2499 2609 2633 2634 2635 2685 2712 2714 2728 2747 2822 2868 2949 2996 3007 3029 3030 3040 3044 3127 3128 3210 3265 3271 3297 3401 3482 3485 3499 3524 3526 3567 3611 3636 3657 3667 3708 3719 3749 3752 3758 3760 3772 3774 3800 3804 3807 3816 3893 3971 4004 4032 4047 4050 4059 4138 4154 4171 4288 4293 4298 4305 4309 4332 4340 4358 4363 4400 4440 4478 
5 53 64 128 139 188 191 206 230 231 241 256 267 331 348 375 400 410 410 419 420 464 489 541 544 559 561 563 628 634 677 680 683 720 757 759 765 804 850 932 951 985 989 1052 1084 1102 1128 1148 1204 1242 1252 1253 1270 1294 1343 1376 1398 1438 1450 1460 1549 1567 1678 1728 1738 1844 1847 1856 1867 1878 1950 2002 2045 2068 2084 2097 2183 2189 2193 2196 2201 2233 2325 2334 2389 2392 2486 2504 2522 2526 2534 2546 2547 2562 2623 2652 2693 2733 2768 2775 2781 2792 2798 2816 2864 2895 2962 2966 2966 2990 3045 3083 3124 3138 3189 3211 3217 3285 3301 3323 3356 3377 3397 3407 3421 3426 3430 3445 3461 3500 3542 3578 3606 3638 3732 3799 3800 3806 3875 3907 3954 4033 4045 4063 4069 4131 4131 4154 4155 4160 4189 4246 4253 4254 4255 4260 4399 4411 4457 
32 120 174 198 202 216 216 237 239 256 256 403 496 601 808 866 884 903 941 975 979 991 1019 1019 1113 1266 1415 1421 1470 1485 1544 1656 1771 1805 1928 1934 1942 1988 2064 2092 2148 2176 2185 2319 2344 2377 2441 2520 2549 2730 2766 2781 2781 2861 2863 2917 3002 3031 3049 3155 3178 3219 3229 3291 3342 3350 3361 3362 3436 3443 3504 3638 3643 3658 3821 3925 4043 4134 4160 4161 4187 4217 4267 4297 4379 4426 
10 14 23 75 77 114 145 160 246 313 327 337 367 375 393 400 411 507 567 607 635 700 715 751 829 852 860 956 962 963 967 995 1083 1112 1137 1266 1279 1285 1330 1357 1408 1419 1429 1480 1493 1527 1617 1639 1674 1685 1691 1715 1725 1741 1742 1861 1870 1877 1879 1946 1966 1990 2005 2007 2027 2036 2077 2108 2141 2147 2158 2193 2229 2244 2253 2271 2275 2276 2406 2424 2427 2427 2490 2503 2592 2597 2636 2637 2655 2714 2744 2744 2844 2844 2885 2928 2944 2952 3005 3015 3016 3028 3029 3083 3089 3090 3105 3109 3146 3154 3213 3287 3300 3343 3345 3387 3409 3425 3446 3475 3586 3592 3600 3645 3654 3662 3676 3709 3794 3807 3843 3854 3871 3882 3891 3921 3922 3991 3999 4005 4087 4099 4221 4222 4243 4409 4429 4456 
1 93 132 261 293 381 382 387 410 483 524 552 561 719 744 803 920 1000 1002 1022 1040 1045 1384 1385 1393 1901 1970 1972 2039 2066 2091 2144 2184 2285 2351 2367 2400 2405 2505 2528 2549 2613 2697 2762 2880 2892 3102 3151 3245 3250 3506 3522 3576 3616 3716 4004 4005 4341 4453 4487 
5 98 137 232 237 325 360 426 453 493 584 621 670 684 701 708 779 825 826 831 845 852 892 925 979 983 1004 1019 1041 1062 1086 1102 1111 1127 1172 1243 1253 1282 1390 1414 1527 1667 1713 1722 1737 1748 1771 1776 1788 1803 1830 1849 1997 2023 2030 2041 2062 2090 2173 2192 2193 2234 2319 2348 2385 2411 2501 2525 2540 2656 2701 2711 2749 2809 2815 2836 2952 2965 3037 3111 3127 3165 3189 3192 3375 3528 3529 3532 3534 3589 3683 3734 3759 3801 3854 3855 3856 3891 3935 4016 4035 4068 4083 4100 4207 4226 4243 4297 4309 4398 4412 4470 4495 
1 34 147 169 305 409 417 443 620 651 661 710 763 771 830 939 982 1039 1262 1333 1343 1355 1459 1479 1711 1715 1717 1756 1823 1859 1930 1960 2019 2074 2077 2113 2279 2280 2427 2450 2554 2594 2838 2912 2931 3016 3020 3137 3190 3238 3535 3599 3645 3766 3885 3946 4132 4147 4320 4349 4410 4457 
100 142 177 202 263 284 296 327 387 636 672 946 1025 1074 1126 1140 1153 1189 1300 1319 1409 1494 1576 1788 1803 2101 2297 2457 2534 2694 2931 3337 3390 3446 3512 3545 3662 4102 4103 4136 4208 4261 4385 4401 4475 4498 
0 588 600 606 763 834 888 976 995 1076 1496 1712 1809 1983 2075 2109 2260 2689 2763 2770 2953 3047 3320 3500 3799 3878 4003 4423 
7 235 563 572 588 628 784 924 974 1055 1153 1321 1575 1644 1795 1859 1874 2056 2182 2424 2491 2558 2567 2592 2693 2791 2967 3102 3107 3112 3128 3314 3516 3779 3931 
145 1545 3190 3420 
25 34 131 329 340 358 499 508 529 557 571 684 720 724 736 744 754 827 959 992 993 1061 1104 1178 1206 1207 1240 1312 1371 1387 1456 1482 1515 1523 1545 1548 1571 1583 1598 1606 1678 1684 1700 1809 1855 1880 1890 1955 2098 2148 2174 2310 2355 2449 2577 2606 2729 2829 2874 2914 2973 2990 3028 3032 3076 3142 3150 3185 3185 3192 3416 3449 3461 3570 3634 3729 3796 3832 3902 3903 3930 3937 3943 3987 3996 3997 4049 4063 4155 4157 4225 4237 4438 
1 14 16 18 51 59 91 95 105 127 134 162 212 240 240 253 261 268 275 362 373 398 407 442 445 456 472 522 555 560 563 593 601 636 671 679 699 708 739 770 820 825 862 884 924 926 936 982 1010 1015 1018 1036 1040 1040 1109 1121 1121 1144 1154 1166 1171 1310 1342 1344 1344 1347 1352 1382 1414 1437 1438 1460 1473 1495 1504 1534 1565 1580 1589 1614 1617 1717 1735 1752 1752 1765 1875 1902 1911 1912 1914 1969 2012 2051 2067 2166 2193 2209 2220 2242 2269 2423 2514 2582 2600 2638 2708 2787 2808 2832 2844 2849 2880 2902 2918 2968 3023 3027 3032 3048 3065 3108 3118 3216 3238 3242 3248 3287 3383 3425 3636 3688 3689 3718 3729 3768 3796 3807 3831 3834 3916 3939 3978 3990 4066 4069 4079 4080 4082 4133 4185 4187 4191 4196 4196 4212 4213 4216 4239 4240 4284 4327 4329 4333 4341 4350 4365 4369 4379 4380 4403 4424 4431 4485 4487 4492 
20 44 46 125 149 159 164 227 229 248 289 385 549 661 680 697 708 764 830 881 922 945 960 1017 1021 1027 1077 1130 1191 1223 1237 1279 1285 1291 1357 1357 1414 1450 1533 1620 1676 1686 1688 1789 1818 1877 1904 2104 2135 2225 2286 2326 2347 2374 2379 2403 2417 2490 2533 2557 2645 2671 2726 2738 2788 2788 2817 2877 2883 3006 3023 3126 3201 3221 3252 3265 3300 3357 3362 3388 3415 3437 3522 3619 3674 3681 3701 3727 3752 3793 3816 3817 4001 4096 4142 4154 4185 4352 4356 
30 158 341 381 418 486 499 637 663 668 719 822 887 940 974 1026 1074 1097 1172 1174 1176 1184 1184 1217 1311 1329 1377 1481 1599 1634 1639 1655 1743 1881 1976 1995 2022 2049 2068 2085 2088 2096 2125 2150 2169 2223 2285 2298 2324 2330 2399 2481 2528 2567 2605 2790 2830 2852 2906 2907 2915 2964 3014 3067 3075 3076 3102 3252 3293 3300 3318 3347 3353 3426 3461 3529 3546 3564 3572 3601 3641 3714 3747 3821 4019 4022 4045 4072 4088 4218 4223 4277 
19 60 121 136 179 192 246 268 277 309 320 327 339 353 412 428 462 471 481 513 533 544 612 699 743 752 789 810 855 861 871 884 884 891 918 932 976 1004 1045 1052 1058 1068 1076 1156 1168 1186 1212 1216 1292 1347 1355 1382 1437 1510 1565 1599 1603 1615 1625 1720 1746 1748 1762 1817 1839 1848 1853 1905 1983 2016 2016 2102 2115 2221 2237 2242 2244 2272 2275 2347 2382 2394 2397 2482 2585 2598 2603 2606 2607 2624 2626 2631 2691 2721 2725 2745 2795 2843 2862 2968 2978 2986 3008 3030 3032 3060 3097 3118 3120 3128 3177 3200 3277 3290 3291 3380 3387 3429 3430 3552 3637 3640 3710 3720 3729 3734 3751 3770 3787 3828 3914 3924 3933 3945 3968 3979 4012 4052 4058 4069 4101 4126 4142 4219 4240 4243 4249 4309 4348 4354 4462 4475 
56 69 74 178 192 205 210 226 260 270 294 333 335 346 354 391 410 427 455 459 496 520 565 610 619 620 660 665 710 723 739 742 830 853 964 974 990 1001 1038 1051 1061 1064 1069 1079 1120 1120 1134 1161 1167 1239 1248 1338 1357 1360 1374 1378 1398 1417 1453 1541 1544 1550 1593 1597 1603 1619 1660 1664 1719 1720 1738 1773 1815 1824 1845 1904 1909 1923 1926 1971 1988 1991 2011 2013 2016 2066 2079 2133 2144 2196 2201 2240 2263 2319 2334 2356 2401 2405 2465 2494 2587 2606 2645 2703 2705 2822 2835 2876 2884 2998 3030 3036 3043 3136 3189 3193 3209 3261 3280 3280 3323 3332 3339 3428 3449 3474 3498 3501 3501 3519 3532 3554 3654 3752 3789 3825 3841 3871 3886 3976 4174 4191 4198 4213 4299 4359 4408 4429 4443 4443 
27 30 41 95 108 212 224 253 254 283 308 311 351 397 420 426 431 455 475 494 567 640 648 651 653 660 679 688 720 724 730 765 767 853 914 1040 1047 1071 1132 1138 1186 1197 1202 1206 1216 1239 1272 1293 1399 1472 1477 1479 1506 1616 1702 1709 1733 1740 1839 1845 1864 1872 1873 1888 1937 1997 2090 2094 2144 2167 2176 2178 2235 2296 2324 2340 2353 2378 2396 2404 2410 2433 2438 2455 2479 2539 2561 2562 2596 2616 2622 2628 2632 2651 2659 2660 2665 2686 2706 2717 2726 2756 2793 2834 2845 2857 2870 2870 2910 2936 2997 3065 3087 3106 3123 3134 3140 3157 3185 3267 3271 3292 3304 3312 3312 3339 3402 3440 3483 3489 3489 3495 3539 3624 3665 3707 3727 3746 3783 3785 3796 3802 3841 3845 3871 3915 3962 4001 4101 4107 4114 4168 4203 4227 4263 4270 4276 4307 4334 4341 4366 4380 4390 4391 4438 4485 
25 36 55 87 171 177 301 396 459 497 510 522 561 572 654 685 701 721 736 760 761 761 764 809 822 877 885 888 915 917 917 975 982 1024 1094 1102 1104 1108 1160 1162 1189 1203 1256 1291 1310 1346 1425 1474 1476 1552 1574 1579 1589 1602 1634 1655 1736 1753 1886 1919 1941 1943 2067 2071 2085 2137 2280 2282 2289 2301 2313 2400 2420 2427 2449 2483 2487 2501 2583 2650 2662 2697 2765 2817 2826 2836 2841 2843 2853 2875 2891 2947 2999 3126 3138 3174 3204 3249 3277 3284 3299 3319 3346 3359 3540 3548 3593 3598 3611 3669 3693 3760 3818 3844 3863 3871 3939 3965 4008 4019 4049 4065 4066 4077 4091 4129 4234 4235 4349 4352 4363 4375 4454 4471 4473 4481 
5 8 17 38 42 56 61 67 75 82 97 133 185 203 236 241 253 266 274 292 314 325 325 345 400 422 427 475 481 494 517 523 547 624 634 660 740 744 750 756 807 818 823 853 903 907 914 932 938 957 994 1031 1037 1059 1069 1071 1138 1156 1283 1316 1322 1346 1382 1395 1403 1447 1486 1486 1487 1569 1579 1580 1637 1638 1651 1688 1733 1748 1755 1775 1777 1800 1879 1894 1978 2014 2028 2037 2061 2098 2126 2152 2164 2165 2224 2228 2229 2240 2289 2333 2423 2473 2511 2514 2543 2551 2576 2647 2682 2743 2781 2806 2808 2818 2830 2831 2881 2893 2953 3003 3033 3061 3116 3142 3153 3211 3267 3267 3301 3319 3421 3462 3488 3596 3600 3624 3632 3680 3688 3723 3731 3738 3756 3790 3806 3806 3808 3818 3829 3863 3865 3895 3927 3929 3980 4016 4029 4117 4145 4157 4196 4211 4226 4242 4252 4254 4265 4272 4327 4329 4343 4377 4399 4416 4422 4445 4467 4469 4493 
26 32 39 73 77 84 105 135 189 276 280 288 323 338 418 476 523 580 598 641 666 668 693 767 815 830 849 993 1014 1021 1029 1036 1050 1136 1203 1205 1209 1211 1248 1365 1368 1425 1493 1555 1624 1658 1691 1703 1747 1816 1828 1854 1875 1892 2010 2013 2019 2076 2119 2136 2340 2344 2395 2427 2441 2480 2518 2584 2595 2618 2624 2640 2725 2734 2811 2832 2923 2976 2998 3022 3047 3051 3137 3156 3203 3225 3265 3284 3321 3377 3442 3545 3595 3635 3646 3669 3677 3722 3739 3841 3856 4017 4073 4079 4113 4125 4262 4330 4462 4463 4489 
0 1 46 84 142 253 265 276 284 302 304 335 372 411 413 421 463 499 551 573 617 761 851 854 897 899 948 959 962 989 994 1063 1142 1200 1217 1246 1294 1393 1413 1448 1642 1715 1793 1793 1801 1874 1921 1937 2057 2081 2085 2116 2121 2155 2193 2216 2219 2295 2344 2388 2408 2463 2594 2623 2645 2680 2682 2699 2752 2759 2846 2895 3034 3069 3173 3174 3193 3292 3298 3306 3349 3371 3399 3466 3516 3671 3684 3717 3742 3811 3818 3842 3932 3941 4019 4044 4089 4131 4136 4163 4164 4216 4221 4223 4224 4237 4237 4296 4310 4342 4365 4468 
78 98 115 148 185 187 197 207 219 223 242 252 274 301 302 314 319 370 402 435 441 444 452 462 498 504 518 568 594 599 666 719 750 760 761 819 822 873 879 882 914 933 939 957 980 991 993 1006 1091 1100 1123 1152 1153 1170 1179 1183 1248 1274 1283 1285 1291 1332 1336 1367 1546 1584 1603 1635 1639 1652 1662 1671 1673 1855 1900 1905 1931 1977 1978 2020 2079 2092 2092 2114 2134 2148 2161 2227 2273 2277 2283 2312 2315 2328 2354 2354 2359 2361 2401 2408 2482 2525 2584 2663 2755 2778 2802 2829 2847 2860 2901 2905 2961 3025 3094 3132 3157 3195 3207 3257 3258 3329 3365 3390 3457 3472 3488 3499 3501 3551 3602 3629 3685 3690 3726 3739 3772 3850 3934 3960 3964 3970 3981 3987 3999 4003 4044 4064 4091 4093 4102 4176 4192 4209 4231 4240 4260 4286 4336 4339 4345 4346 4368 4400 4426 4441 4442 4445 4468 4477 4479 4484 
23 48 105 114 140 164 175 176 179 213 227 266 278 328 342 343 345 348 352 354 367 374 379 383 405 442 442 465 510 515 555 558 604 663 668 690 710 716 752 801 804 819 829 855 868 906 914 951 955 980 992 992 995 1022 1035 1048 1049 1053 1165 1176 1196 1197 1199 1229 1230 1235 1241 1241 1250 1253 1253 1265 1297 1307 1318 1322 1327 1350 1370 1374 1387 1393 1394 1463 1487 1513 1524 1544 1554 1628 1628 1663 1683 1700 1741 1764 1767 1777 1784 1795 1838 1839 1852 1863 1896 1907 1921 1982 1988 2026 2059 2081 2104 2114 2157 2160 2204 2234 2257 2340 2374 2400 2404 2416 2422 2471 2508 2536 2567 2570 2592 2640 2807 2851 2852 2926 2948 2957 2975 2991 3027 3057 3091 3099 3101 3125 3160 3163 3242 3279 3289 3296 3324 3381 3432 3443 3479 3492 3524 3576 3592 3637 3639 3645 3665 3706 3722 3743 3753 3775 3839 3910 3947 3957 3992 4047 4096 4103 4117 4179 4200 4265 4293 4356 4367 4383 4401 4404 4406 4440 4441 4470 4472 4497 
100 195 444 459 603 2327 3142 3514 
85 205 324 701 709 816 1047 1746 1944 1944 2122 2164 2332 2532 2758 3056 3148 3159 3232 3747 3952 3958 4138 4292 4362 4448 
81 83 86 104 210 224 228 240 329 341 385 414 425 461 465 492 547 570 608 616 675 694 720 726 731 735 822 848 876 895 901 951 973 985 1009 1079 1201 1279 1291 1297 1314 1317 1361 1384 1397 1397 1397 1480 1503 1593 1604 1607 1674 1750 1794 1893 1896 1916 1938 1966 2017 2077 2082 2117 2118 2159 2179 2193 2233 2263 2320 2343 2383 2406 2409 2427 2461 2463 2660 2661 2709 2727 2728 2742 2755 2795 2872 2904 2917 2929 2948 2987 3050 3166 3196 3197 3215 3229 3274 3351 3356 3385 3386 3399 3405 3407 3422 3429 3466 3487 3585 3623 3688 3776 3867 3878 3917 3925 3935 3954 3967 4012 4048 4061 4067 4077 4208 4212 4216 4227 4248 4253 4254 4337 4451 4490 
10 77 137 200 208 298 362 428 511 529 591 614 657 698 751 792 895 939 1018 1120 1148 1191 1195 1243 1272 1280 1295 1335 1344 1380 1493 1677 1689 1743 1771 1790 1826 1830 1863 1998 2009 2042 2274 2304 2374 2400 2437 2492 2531 2546 2631 2679 2768 2796 2796 2798 2819 2915 2921 3024 3128 3453 3667 3730 3802 3815 3909 3952 4012 4165 4194 4255 4348 4418 
18 117 145 164 174 222 237 278 297 353 368 371 435 480 526 536 558 601 609 615 637 662 672 673 685 697 733 737 742 784 811 819 820 842 875 902 910 940 955 974 981 984 987 990 1024 1027 1035 1060 1091 1124 1165 1193 1211 1238 1238 1252 1277 1288 1346 1361 1383 1394 1454 1466 1525 1527 1581 1644 1725 1748 1758 1777 1817 1818 1868 1878 1899 1929 1967 2004 2043 2047 2047 2097 2100 2103 2112 2125 2138 2178 2179 2190 2252 2274 2315 2328 2337 2338 2384 2396 2432 2505 2512 2550 2590 2874 2882 2889 2915 2950 2977 2983 3079 3085 3092 3093 3108 3149 3154 3158 3168 3261 3289 3363 3365 3366 3431 3448 3529 3546 3550 3710 3797 3826 3845 3860 3867 3869 3906 3917 3925 3953 3977 3999 4021 4022 4038 4062 4141 4171 4172 4197 4214 4214 4224 4264 4302 4322 4360 4382 4389 4443 4450 4480 4488 
28 55 103 114 137 177 185 195 244 373 400 430 454 476 491 570 576 648 689 698 705 732 752 760 775 776 781 783 794 801 875 878 1048 1049 1067 1077 1159 1309 1322 1334 1412 1427 1441 1451 1455 1471 1477 1525 1545 1548 1570 1577 1591 1606 1647 1661 1708 1729 1780 1824 1845 1925 2022 2038 2041 2054 2144 2203 2226 2256 2266 2274 2322 2329 2372 2404 2464 2482 2483 2483 2532 2555 2557 2625 2674 2696 2701 2722 2738 2757 2801 2803 2888 2912 2931 2961 3039 3102 3106 3159 3202 3280 3306 3319 3325 3345 3372 3396 3423 3473 3494 3540 3565 3629 3638 3643 3716 3743 3751 3767 3771 3772 3815 3825 3829 3836 3853 3882 3916 3946 3972 3979 4000 4055 4063 4078 4096 4125 4141 4199 4215 4217 4242 4293 4307 4363 4366 4439 
8 30 38 55 75 93 119 130 146 173 233 244 261 270 326 391 399 481 492 497 499 524 532 565 680 682 702 756 797 822 865 961 967 987 989 992 1010 1055 1058 1075 1085 1181 1199 1227 1268 1346 1350 1418 1455 1472 1492 1524 1526 1569 1641 1649 1658 1707 1740 1751 1759 1775 1786 1800 1812 1831 1890 1974 1982 1983 2011 2029 2048 2050 2056 2058 2090 2126 2147 2162 2206 2246 2308 2363 2525 2628 2637 2644 2695 2705 2731 2763 2765 2814 2820 2853 2855 2878 2882 2895 2897 2942 2960 3005 3058 3083 3092 3099 3166 3177 3209 3216 3244 3257 3303 3305 3435 3453 3459 3470 3522 3585 3587 3608 3655 3693 3715 3739 3739 3765 3767 3832 3838 3868 3879 4082 4092 4138 4149 4150 4153 4166 4245 4251 4283 4302 4347 4377 4395 4396 4410 4443 
5 28 33 35 41 78 176 202 215 217 220 250 295 379 386 390 428 429 436 441 474 506 518 530 555 560 610 636 640 675 679 704 749 792 826 841 851 908 915 921 952 964 972 978 1004 1005 1006 1018 1036 1055 1057 1084 1107 1134 1162 1165 1166 1173 1173 1183 1262 1320 1325 1359 1365 1388 1393 1401 1418 1422 1454 1502 1516 1519 1533 1533 1543 1546 1605 1606 1612 1618 1687 1709 1719 1729 1742 1795 1846 1851 1864 1994 2039 2045 2103 2113 2152 2178 2187 2208 2214 2241 2263 2361 2386 2400 2441 2448 2504 2514 2529 2545 2555 2570 2597 2603 2621 2638 2724 2730 2741 2744 2768 2774 2803 2809 2853 2875 2913 2922 2951 3025 3027 3078 3091 3102 3103 3124 3249 3256 3291 3307 3320 3321 3348 3381 3382 3403 3412 3445 3493 3504 3553 3573 3635 3649 3670 3732 3785 3789 3807 3821 3849 3863 3873 3883 3912 3914 3936 3941 3956 3963 3973 3974 3988 3997 3999 4123 4229 4262 4278 4279 4291 4296 4303 4310 4349 4392 4401 4417 4423 
47 90 230 261 287 520 541 550 588 601 629 727 836 921 933 956 1043 1123 1141 1185 1224 1447 1517 1588 1653 1737 1855 1873 1936 2058 2142 2202 2294 2434 2547 2802 2864 2936 3024 3097 3383 3426 3521 3822 3846 3991 3997 4042 4437 
12 45 48 80 100 119 168 179 234 256 259 303 308 311 333 368 372 384 429 474 498 498 507 560 567 592 604 632 691 691 703 748 751 792 802 883 914 930 936 967 969 970 999 1030 1083 1110 1124 1234 1254 1263 1332 1375 1410 1422 1436 1465 1470 1471 1480 1527 1541 1605 1611 1643 1666 1778 1815 1820 1829 1840 1848 1910 1915 2024 2029 2048 2080 2080 2082 2117 2156 2158 2249 2284 2285 2331 2348 2350 2441 2455 2461 2465 2547 2578 2578 2604 2674 2683 2685 2688 2755 2783 2825 2852 2856 2872 2949 2990 2995 3014 3050 3051 3093 3158 3159 3198 3237 3282 3333 3337 3368 3439 3472 3560 3616 3623 3650 3658 3662 3669 3674 3681 3695 3774 3791 3832 3890 3905 3922 3931 3934 3945 3996 3998 4024 4024 4118 4195 4332 4355 4368 4383 4383 4391 4393 4437 4492 4493 
5 117 139 154 184 231 239 268 292 294 338 367 383 442 458 465 472 475 505 515 517 526 587 612 647 666 677 815 836 869 869 880 881 894 912 942 991 998 1051 1059 1062 1104 1105 1213 1238 1247 1278 1303 1429 1474 1485 1496 1497 1520 1578 1607 1622 1671 1714 1853 1975 2102 2117 2209 2224 2263 2354 2360 2367 2416 2518 2598 2637 2638 2720 2762 2795 2868 2870 2915 2984 3001 3043 3055 3077 3109 3112 3217 3218 3225 3312 3319 3329 3353 3356 3366 3378 3411 3418 3507 3515 3541 3612 3641 3677 3694 3711 3716 3748 3749 3752 3851 3859 3881 3883 3908 3923 3926 3927 3943 3958 3987 4017 4035 4062 4147 4177 4296 4303 4345 4348 4385 4399 4450 
25 50 60 81 91 133 146 218 238 351 403 507 534 535 585 657 690 701 706 728 763 775 783 788 800 812 822 825 831 833 902 902 914 940 975 977 984 1010 1031 1054 1070 1087 1102 1105 1123 1125 1156 1179 1203 1215 1263 1279 1332 1340 1348 1363 1374 1378 1387 1404 1494 1506 1545 1549 1561 1671 1689 1700 1765 1784 1799 1898 1912 1923 2027 2112 2135 2141 2144 2148 2163 2203 2249 2257 2278 2304 2351 2383 2384 2434 2450 2493 2523 2531 2541 2616 2640 2681 2757 2803 2809 2820 2835 2856 2885 2930 2931 2961 2977 2994 3070 3100 3128 3133 3134 3135 3150 3172 3217 3300 3326 3369 3370 3405 3427 3429 3454 3456 3471 3493 3535 3562 3603 3700 3721 3751 3774 3827 3872 3892 3907 3961 3976 4008 4015 4030 4032 4034 4087 4091 4139 4326 4333 4340 4431 4465 
109 230 272 283 294 339 370 370 456 457 467 573 589 640 671 715 722 787 832 882 917 928 962 977 1002 1003 1030 1066 1121 1144 1156 1209 1212 1222 1262 1458 1515 1597 1606 1718 1729 1749 1824 1931 1971 2265 2271 2279 2355 2372 2387 2486 2624 2685 2736 2791 2874 2916 2934 2958 3029 3156 3246 3256 3292 3293 3307 3335 3420 3427 3440 3471 3489 3596 3690 3725 3742 3782 3845 3890 3901 3924 3979 3994 4012 4142 4212 4312 4316 4323 4459 4478 
2 36 151 168 192 243 290 467 498 625 643 651 688 785 919 953 1026 1037 1068 1190 1218 1348 1465 1484 1512 1519 1552 1568 1608 1631 1683 1686 1800 1820 1880 1915 1922 1988 2004 2038 2119 2119 2197 2221 2222 2222 2230 2329 2383 2388 2400 2454 2552 2557 2750 2763 2773 2809 2865 2918 2998 3092 3105 3307 3329 3341 3354 3368 3375 3426 3487 3508 3606 3614 3620 3790 3794 3862 3940 3987 3995 4000 4036 4083 4094 4172 4191 4219 4256 4301 4322 4351 4354 4403 
1 15 77 165 202 240 252 259 297 321 388 401 410 441 448 476 490 522 545 548 588 589 605 633 665 667 719 767 814 814 818 819 821 844 864 870 880 900 906 918 923 934 941 947 1020 1043 1053 1085 1143 1171 1188 1202 1208 1216 1216 1223 1246 1293 1310 1311 1362 1430 1446 1459 1498 1503 1507 1515 1580 1606 1610 1629 1650 1655 1689 1718 1745 1749 1755 1775 1791 1827 1841 1864 1978 1980 2026 2045 2075 2092 2122 2148 2153 2221 2241 2252 2256 2270 2328 2344 2360 2364 2375 2405 2424 2450 2528 2652 2690 2698 2717 2785 2824 2831 2838 2853 2869 2975 2988 3013 3024 3048 3050 3066 3102 3126 3142 3151 3203 3208 3217 3227 3242 3255 3311 3328 3346 3349 3351 3377 3415 3447 3476 3501 3515 3524 3551 3573 3601 3608 3610 3615 3669 3786 3789 3812 3829 3841 3872 3885 3889 3906 3955 3963 4037 4063 4064 4112 4132 4155 4192 4196 4236 4330 4419 4422 
4 40 45 81 112 148 173 194 301 316 354 361 405 482 602 604 620 746 765 780 787 864 953 978 1118 1127 1179 1228 1276 1301 1317 1328 1370 1380 1453 1605 1619 1654 1655 1661 1664 1667 1783 1902 1925 1958 1991 2016 2095 2114 2217 2275 2335 2399 2430 2572 2737 2738 2767 2800 2910 3000 3008 3015 3022 3025 3102 3165 3230 3274 3365 3367 3394 3399 3418 3484 3561 3580 3618 3651 3661 3684 3777 3784 3916 3982 4013 4042 4068 4089 4113 4152 4160 4267 4434 4472 
31 67 103 132 147 158 269 320 430 505 519 522 613 644 645 703 722 739 796 816 944 946 996 1069 1088 1095 1132 1192 1200 1473 1499 1511 1565 1608 1618 1655 1664 1720 1729 1736 1760 1772 1775 1944 2012 2057 2227 2246 2266 2357 2404 2429 2448 2576 2630 2632 2643 2752 2761 2806 2806 2902 2989 3017 3066 3087 3126 3151 3218 3309 3317 3347 3397 3448 3515 3520 3529 3557 3560 3569 3580 3657 3703 3710 3807 3820 3831 3839 3843 3894 3928 3990 3990 4085 4105 4212 4213 4275 4362 4378 4412 4457 4460 
15 129 338 346 894 897 898 1031 1162 1270 1324 1329 1451 1528 1567 1706 1764 1792 1862 1955 2046 2326 2327 2452 2583 2603 2643 2807 3394 3635 3848 3875 3907 3923 3929 4106 4261 4344 4444 4498 
14 27 42 62 77 117 147 155 168 169 171 185 202 276 282 301 351 352 381 383 390 500 582 595 600 613 759 761 795 808 812 824 841 851 867 869 914 939 974 999 1023 1031 1049 1049 1061 1081 1096 1164 1187 1242 1261 1276 1316 1389 1404 1408 1427 1448 1454 1463 1488 1491 1506 1597 1615 1661 1673 1724 1766 1782 1896 1918 1919 1921 1936 1995 2024 2066 2148 2155 2186 2194 2197 2222 2241 2248 2308 2316 2319 2325 2406 2462 2462 2515 2537 2553 2596 2634 2663 2736 2749 2808 2823 2865 2870 2877 2881 2933 2980 2995 3114 3167 3189 3216 3244 3277 3279 3309 3334 3363 3366 3421 3491 3505 3510 3551 3552 3554 3576 3584 3598 3656 3727 3750 3777 3791 3796 3820 3872 3912 3946 3990 4013 4032 4034 4118 4161 4186 4219 4268 4348 4363 4372 4450 4472 4494 
